Parsing OSM data from: linkoping.osm
Starting server on port: 1339.
<class 'KeyError'> '/favicon.ico'
source: ['3750674689', '443148449', '3750674684', '3750674691']
target: ['5600852092', '99815']
0
36.5770311513082
36.407038047935835
9.842083302925065
51.14859021447786
41.298586795265024
30.465247995261656
23.676569929790226
70.23522349711043
60.85758121652184
46.84193024558054
37.35076616081179
76.13293068315835
74.146854866756
49.84993364341734
42.298301826935926
84.23537698157375
47.957163284271196
66.84557588183606
46.96523428070295
89.09043271830748
80.95111996266995
133.2179503928273
60.48249118987177
93.55684853616016
110.04862051277884
195.82089604878485
86.45994415726307
100.2213020939994
103.5900423348345
138.05698035997025
95.04964369844447
104.13995183030183
109.76798903985673
128.88117574322285
167.5462260481341
114.29536072378815
115.4560380114193
143.65730054619135
175.30500464983862
197.32881371047318
129.90242662711742
129.13274230365258
159.25911269992287
208.73459021855828
208.81194445025196
133.93289370044408
211.6851028496163
173.1721242037455
242.29172891414981
327.00116034027553
151.86386510958116
245.81447648490987
180.54448696107
285.2228300835506
373.54336157155427
340.8461175635399
166.4733976622747
311.34590723127394
184.26074363100807
300.2717496028064
444.6979843849153
350.91430326791095
320.3623756793256
350.1378946227923
192.54637088424641
334.3562433438854
329.24478030291436
360.5875295219001
338.0254592501974
383.7088174842186
200.09544529041716
328.6783361564888
332.9866155789559
370.13570024712004
360.0151775871308
400.8912855157168
219.22895873682793
331.42854284996093
353.6751802612565
379.35945260363883
337.6123964808815
445.9714013471633
222.78831962574145
225.39486476083215
365.7462115366977
387.9278508182969
344.77000664400924
453.3691871814324
454.43364421118935
235.21493459806774
371.27227998136283
396.8629231049227
370.19396459595214
455.717689687688
473.019944761119
462.1308620416371
375.8009216001694
404.2841557642326
384.39795053707934
375.29198189477574
479.7492974255238
496.49295339501396
381.55136767152356
418.2117064745477
387.81674407871225
398.5413698202433
484.7178086840539
503.1964079107395
385.8974618411847
430.86916421223066
391.6761245614389
401.4869571073506
528.1645561791423
512.7631798449984
392.01925068967626
442.8162438518597
409.43132297754863
403.742450208801
537.2452568031409
544.7275105554417
426.39625464547345
456.4785415304275
422.40379850322245
411.0655998487632
447.61159122167703
566.9616670207776
434.62756444278074
469.81203681853407
426.15678166351734
458.5371006117536
452.9555518728974
571.3765900173612
439.5191803386183
486.8831282397298
438.23641714507283
464.3342509287899
444.86314098983866
610.2320059640418
587.3325908779105
534.3152326902039
446.4901702139652
468.68880526881946
573.7622844775232
624.6365486795355
596.1976507362622
601.0224578270039
455.8247515860064
473.8558405493844
587.8213866379947
620.9042707400394
603.5054998339523
672.4587801578075
466.06916834362653
528.7451560636566
590.7355215265386
606.7531110768923
615.3539799778249
706.3130441370643
476.27431989954437
536.969347145525
685.3700242545996
609.2214648706073
667.4746880179283
728.3859232510224
488.06474432883147
540.7869532763834
700.9083427363066
648.8977211930511
680.6397900257925
754.5915587055352
493.7928987788399
546.2423637566678
709.5860858386175
664.2136725141132
759.5742341506416
764.1998686644249
495.2499430168182
610.5201019823309
723.6586566981231
665.5484008368069
670.1851068247101
827.3905522370778
773.4199572372826
772.0591331446437
624.531778495792
615.9298550326868
774.1098036865801
685.1354771136363
906.5454953422516
778.4233398839827
779.4147004316175
643.5457047722774
619.6135198192621
793.6968799620192
691.6103097628941
709.3216368337901
782.03228105575
783.5512138615976
645.947449297502
630.5072221601127
816.4422622473022
693.2497698715022
729.0556918533023
788.5356115850423
787.4703053426712
653.2886164751446
637.4609205014164
833.3434877804497
714.5281280151653
757.7235360262474
792.5527520947202
791.9768010541071
676.5617703897465
644.2803962127552
839.0610277077664
719.5260151563882
717.3279592999754
800.4675880517658
795.9142374302854
684.125268831676
720.4419784409313
843.7665096068507
722.9270885796446
651.1656026933306
810.3690622319737
799.8447957527777
685.5256941747303
732.0785804240041
850.6304389708815
727.6191975648844
723.6453436037413
822.7518914932215
723.8710985799565
691.5933929289356
745.627988565239
857.3439377463416
732.3221795917623
743.7219073421151
840.5770196583253
761.8110175220862
694.822368854355
765.6694530638202
864.1888183366864
704.6403017110176
748.763165139171
844.9940820920395
769.3065831437881
709.8160830561784
782.8889434712739
870.7038690715532
711.2770735434441
777.6820407303497
851.8544571898536
778.8723450297952
868.63467190932
798.581437434193
875.1458751654908
715.792861324036
785.3456746558585
854.2383742028613
787.0699546181739
872.0787324754208
814.7902544186738
905.121526739661
730.9584815530011
789.0994268412262
857.4337081119533
798.6482336016292
876.4405684595635
823.3622473785426
859.8312370158178
771.4671004320046
796.0064343377065
860.6219249403181
816.2685193379851
888.343631663302
819.8987443318383
865.8496766288771
837.4474683151515
821.3328345428613
863.8052428208285
828.0267124190993
786.7842835571643
790.8408427732501
876.6233037364631
852.6186352337357
843.1777296274679
867.0039465056877
837.1888498950005
813.2162751921064
855.0851536536967
884.9934284730347
821.7141139082458
857.1927282220748
870.190024582142
860.4925955413739
801.545956880289
886.0926793150309
902.0530427064815
887.3939166782051
861.602635841721
873.3760324695193
863.8627977877009
945.7526953950281
891.6603748111339
943.1685451647498
953.1397991406575
875.5569494177928
879.7058036047508
876.8704592429989
996.1388326906531
897.1161119512019
952.2327312375305
1020.4208798175065
886.7007838286214
883.4887607734112
880.3654759143885
1020.0104740245441
961.538577115247
993.0292404068823
1025.678765749766
900.9265709812959
893.0914165295037
883.8555690330941
1022.657890982187
964.971565256605
1001.941600147683
1030.1547905912746
910.3173475087203
900.3998666110219
887.349143867379
1028.3068198284411
971.9714589485126
1009.2028751117416
1041.2033343683072
927.2644977708675
1097.4174068427692
890.8376680939831
1038.1649602268544
1014.0706623176605
1015.6635468930187
1051.7595613419514
943.997108549414
1101.6314197064182
997.6093602586355
1044.361665565067
1034.5589480332885
1023.5499895247825
1053.422900216089
962.5523349986901
1108.25821578227
1037.5177397329182
1047.9037340369903
1071.599303530985
1034.7801084767152
1068.3830029913154
981.7838370142155
1197.0170243765224
1103.1642564273975
1052.6965151943643
1078.0464333082502
1044.28634507748
1104.511184281034
995.4808464598104
1233.3051864616286
1254.8992660091963
1059.943472557596
1110.8248322084285
1049.1783451012784
1133.8864410114404
1013.3001312372894
1254.4304608898165
1256.4670286922878
1065.971834155209
1127.6867433192172
1055.078334061113
1162.8165918803827
1017.4521031818729
1273.2653703241303
1263.945932260473
1112.5226773912352
1170.0029828025722
1060.0509689359953
1172.6954717706199
1035.9679292039039
1337.936157703504
1285.029994142102
1116.0263494776502
1248.3114056186403
1174.88694436546
1065.0339420943735
1232.2707556086868
1342.7232090154985
1326.8181312153094
1288.8562898245818
1133.0294300621038
1253.5169563534241
1185.7164805182429
1070.046544869019
1249.768592501949
1346.038923787724
1336.7696876651542
1301.7927959799251
1262.0164400622796
1261.5496928420787
1254.9994960179804
1073.579091225667
1253.0592105976364
1349.1691274139775
1376.3170848419302
1310.998535859755
1281.2133524122628
1282.9057660277792
1272.0769936393644
1076.6478522391512
1261.481070284693
1402.1211080602757
1387.9636427746505
1317.3849800613054
1438.993083612227
1288.8467358915898
1287.802282327229
1082.1268544376787
1358.1292329340097
1415.4153008177088
1418.9952623535482
1324.9222968960557
1471.5969120694742
1317.1448908438385
1357.0856633725796
1086.5504228359716
1363.4536065080151
1433.2458414929188
1436.5833209201278
1331.491672541233
1515.5096471996203
1322.533966724066
1373.2425456676417
1090.3757768691437
1370.8569891673255
1452.438398457662
1457.361235979199
1335.5019239343726
1568.6583184441627
1325.8751058014282
1489.079942493856
1100.5734538051834
1378.1326534120694
1460.6226553529557
1488.9483094900686
1341.1789727604817
1639.4096136683206
1330.7965606224132
1514.9600223695466
1108.8568586789577
1387.8805181290597
1467.9257963301059
1498.2761773445097
1347.0938285027612
1647.1159854894663
1349.1050367741016
1533.853353034847
1119.6539143675627
1395.9487777151624
1473.1494890461524
1537.1201788311337
1354.0053069684318
1669.4719329042746
1376.1259495826303
1552.9925010543357
1131.4231379745424
1407.2797413951234
1478.013352546388
1543.9712191286062
1360.7878185623404
1720.987736123982
1392.620809873325
1565.8786913488725
1143.1475382987635
1411.8043558843044
1483.836203278805
1556.8401073170437
1367.0734582949665
1737.0025791807057
1403.2259483433268
1605.0895330753872
1154.4899683819167
1433.5447464973113
1489.0615321018151
1566.8650802775928
1389.6217353328861
1614.2552538266089
1410.6613944683288
1608.0056546376406
1164.2754853456643
1437.6988222070333
1496.14673204289
1572.3236745409922
1522.0327285641115
1636.4857957013428
1421.3334595020028
1610.2421712191556
1172.4247325646747
1440.3783273657932
1514.334651109565
1579.6479223307801
1170.8893775188963
1686.38818894979
1648.6972572571772
1613.3099467025183
1180.721117699203
1453.6376550791506
1550.666785533627
1584.1139891762325
1177.9399987816514
1634.0163824246797
1530.7791686130772
1633.1652097581136
1190.0618794681418
1455.9916226257164
1596.8997860343281
1459.3551888902834
1183.6735809183683
1195.4322461335973
1541.25420111253
1635.1434495718338
1197.5630013158088
1571.8942958222835
1606.1751852837058
1462.1026330343343
1189.5373019509336
1205.1181716539363
1552.2445833350082
1746.3432747560892
1205.8254088885956
1671.1401228564391
1614.146094181664
1456.6841196100174
1193.9891929450498
1212.8451428930396
1557.5574206980793
1764.9282777630801
1214.5591568585921
1688.0037228001709
1622.3428418706812
1459.2528052631349
1198.0960379462979
1219.6840029373984
1562.6352515244823
1783.2164853880647
1221.053431167823
1721.8238702389779
1629.5937340293228
1495.4252498572025
1202.4465783008532
1226.3444005871713
1566.598391576588
1819.9951331063446
1228.230300184558
1782.5177656364485
1639.2510138498783
1498.8450205986003
1208.5518902521287
1235.256144458311
1571.6590883941108
1856.8279626646138
1235.8451369936777
1874.2105401802994
1648.6912745055433
1504.1991367007092
1214.2518885981626
1244.1919266937293
1578.0555646784342
1963.3985490788957
1242.408236317052
1926.794673338991
1656.7708757671571
1510.5130169898846
1219.5699254696851
1433.7833063287787
1583.5241457141415
1990.0820077260028
1248.693131070701
1959.3897472287692
1667.3499235426016
1529.9455808355292
1225.1748396026765
1621.524463790204
1592.40256659002
1997.4912286773092
1254.4313059655174
1962.6931734800455
1690.2075613767547
1963.8513440356533
1995.4259417015662
1948.6936932077517
1928.9217447969047
2002.0492041505488
1261.3910078899078
1967.6609846972826
1715.8594378525195
2001.0660250817311
2015.8463297156438
2070.1779947333584
1949.1899534660029
2015.0742744987197
1268.7981074126726
1972.4037677321537
1726.8964409531902
2037.7639568204652
2078.9084908981717
2126.6475503611528
1950.560134596459
2034.1745558696152
1275.6015326859633
1979.1084943409676
1737.5281801789233
2142.8461840433147
2139.5340590229785
2173.4247218676396
2167.4231045136894
2181.2813085165635
1283.6057214048847
1982.0553412594304
1745.4515913840835
2183.01489598855
2156.304093467535
2219.581531216196
2208.722411370938
2209.197357326648
1290.3186073995696
2012.9734796838036
1752.1061010776596
2215.0571132972113
2176.1510684571576
2264.762892427661
2238.9819953049655
2279.4307393212925
1298.461976938101
2044.9329821773738
1761.4711139545616
2307.3273628401953
2182.947979821027
2311.4110837139324
2273.6798689141624
2307.9754944854467
1307.5984062121076
2053.3928079664074
1768.2296140071812
2325.6694931876746
2190.445751471427
2350.826831539536
2317.3934354530347
2067.6223124876624
1313.1756005376167
2119.5145468490477
1774.8957486684906
2337.9151300750873
2197.5975322371723
2389.9652039249245
2344.239581759226
1306.81877162352
1320.082368161918
2151.439493491594
1779.8362550568413
2381.1945829594138
2262.8656301409337
2417.2129995551745
2377.2699249303087
1314.1738350055703
1327.601285960003
2168.4848363004285
1783.7234785438372
2426.4401658093266
2392.707922560657
2444.116707784015
2406.459778891982
1320.3705986480556
1334.5186656728235
2200.1882198252797
1787.0142550596331
2438.0142986886717
2424.860568136673
2475.513016862598
2435.968926949242
1328.694765316826
1341.9623807809105
2406.8242772871836
1801.0045225210933
2451.399204509399
2448.5559315705787
2506.756325317361
2467.501310995203
1335.1365498519474
1348.3317492442966
2453.2036179735114
2419.504301830329
2456.8729058337585
2466.788586999881
2534.730208252605
2554.5089214470604
1343.9179320717417
1354.2345209205307
2229.823009084202
2424.354118688114
2469.7595901917834
2486.707917644636
2581.2005616858055
2566.3840597847884
1350.3432030535814
1359.249741074692
2349.1396003011528
2431.9761710632556
2485.7857324731567
2503.094155955812
2619.398396149075
2573.429124808244
1357.1089116009327
1368.3249766642332
2358.2292035993237
2469.023571777234
2501.5802937866747
2510.1361917396407
2658.2645055643534
2579.3339964394727
1364.8202551980999
1378.3895879340967
2366.548954773972
2584.8034860543285
2559.547362992025
2373.590990557801
2690.8144393149732
2585.2472723705823
1372.5516812385283
1385.0947072883719
2505.528358922349
2595.327331375339
2507.8528445812376
2441.6567351558742
2722.8788145002454
2591.1583776609186
1381.0640821661868
1393.3403513063797
2523.0899084873563
2603.65415799745
2510.8424880185453
2448.290835170736
2768.066086248807
2597.0636093731177
1389.525271395019
1398.5672057647394
2543.516457749073
2616.6513159047217
2516.768720331036
1403.58553798751
2819.5617821580668
2602.9797452210655
1397.511089133126
1407.071771187378
2560.602813152886
2691.9218235158255
2520.767512831331
1412.0666301837903
2846.136937682152
2608.898896466423
1408.1935252666995
1417.1821424255666
2577.902209184689
2817.1524892374937
2576.764789518522
1422.9080064499935
2879.274728493612
2614.809439656384
1415.2325999750688
1428.1456744554248
2598.306156099225
2922.0278666694394
2683.97974314583
1432.8408370972188
2944.212388169438
2620.731473740171
1423.0171231722918
1434.8246739110482
2625.390147960309
3023.7383550998197
2732.85144531382
1439.6969647597155
2984.0569569237873
2625.806568769446
1430.7005284410777
1441.5113920447045
2640.7546371604644
3051.4387632539147
2785.042986965662
1446.017146682843
3043.5225593590867
2633.5115861284908
1440.7698213285514
1450.9796096508649
2650.3116246820755
3066.4740115093614
2810.4299731318115
1492.8183382248446
3095.335584945153
2641.227700753949
1449.4525771510746
1457.2771739140703
2653.888148111616
3078.0429003910663
2832.972907698645
1502.4833110392053
3156.946146971554
2648.9468411678317
1458.8667068988702
1462.8430498286682
2656.7294499287023
3090.419195778001
2841.7938240436933
1508.2959217314124
3215.630152801533
2656.653938967403
1465.7697781552642
1469.969486531614
1554.1551948934814
3107.8055197263184
2905.5224034345697
1516.8920064995934
3258.2559889137206
2664.3660472018732
1475.7872967159392
1475.8705835146798
1574.8240406199727
3126.8519306574226
2926.530952494071
1527.3110086192007
3332.7428470659515
2672.0743736584664
1499.4200161282313
1481.5241505245476
1593.9657136505998
3132.3969331083945
2930.912005326001
1535.7510823744476
3621.685263911234
2679.7881318137106
1521.704494608869
1486.7423361446363
1615.9427137515954
3137.9469540091986
2941.2962113689578
1543.9191175350225
3744.2298126646633
2687.494760346116
1560.67364846591
1491.8554936420487
1638.7011901110013
3146.251574846273
2950.1394509225174
1552.6583293987774
3892.9062696578617
2695.191285346461
1596.7192109423258
1495.7356030377268
1709.513845016043
3154.544007160298
2960.2745806366756
1564.2496769659829
4057.209872547476
2702.8959440196795
1616.0937787398732
1503.025054654865
1757.2811877151546
3162.837191014474
2962.8004443356895
1495.6736451081747
4172.985608578185
2710.5966371544237
1625.6329294513835
1508.4530091815566
1894.4124521788444
3171.1210846479967
2980.3030167645693
1502.7930956063658
4385.444653388587
2717.0559576012056
1629.2947512496105
1515.5888393869386
1979.8501405036848
3179.407825927941
2992.0459631818017
1508.8846219368165
4412.856727504138
2726.5204702293076
1646.9035391788714
1521.8900576372798
2010.626507318314
3186.5802502877623
2999.550926331597
1519.296562873611
4543.509760510462
2735.982489655845
1662.3786423962188
1533.8653413939232
2276.208734368585
3193.756195947123
3005.227042040138
1524.125062871259
4654.607903314537
2745.4435195288515
1678.1238450008589
1541.6220685488843
2415.3136166861614
3201.2219325975734
3010.933997272494
1529.8948251822158
4747.683742411981
2754.919806852505
1685.905629783703
1544.8356301898843
2439.2334976276375
3208.6920282255833
3018.0142138659553
1536.6000325904529
4870.705070535412
2763.493181717553
1775.366326144316
1547.3399580074083
2461.7181163467517
3216.16870693988
3025.63741470951
1543.1032022713625
5064.188442477259
2772.4804556744753
1787.9634004306313
1553.068124312729
2486.6824339611276
3223.636524493772
3032.119956638403
1556.8970725073539
5214.67146893385
2778.192428929094
1808.1431101475723
1556.239444627166
2502.478776964689
3231.1213405428357
3045.926718240688
1711.6692997132589
2477.0198986106584
2783.684427793317
1828.260108587202
1560.0988876019119
2517.564952126921
3236.998977858047
3050.8234012594703
1791.583349169309
2492.4116449697954
2789.4520373323626
1839.9366360159122
1564.392454243629
2527.136321370719
3242.881784434555
3060.2599418787095
1802.885094770881
2512.426283924319
2795.273094001886
1845.3481567560846
1569.368017393161
2547.4378347675924
3249.705130011591
3068.3292846529416
1855.4558933854896
2536.8737034499386
2801.4547182014235
1852.4667245855478
1574.8395952426297
2577.7754463835195
3256.5329786403977
3075.5361424589432
1866.331910359536
2564.2044184052747
2807.316574954026
1865.1598360006965
1580.7662210386916
2602.719353414055
3263.364655945468
3088.8373911821027
1882.0552251871723
2607.9185457652247
2810.120772527749
1925.4008487874014
1591.1856093913239
2613.8618858750265
3270.1891265071795
3097.3772722006934
1894.6633090236603
1890.1976786418777
2812.935098689534
1930.1130501260784
1597.852433900164
1944.963303761219
3277.0077066844538
3101.5779792463704
1931.3930337576753
1901.063564436788
2815.7103430050056
1947.6098533912107
1602.0498412761337
1970.0980090454705
3283.8322395177465
3107.7607013697184
1988.364915640005
1935.425448876748
2818.492764087465
1967.1338974205203
1606.7837292874367
1987.3562667354058
3289.851213236307
1952.0685251070367
2038.6776243607292
1947.3015209232494
2822.53262249025
1969.0933943004352
1611.5576279702518
1971.5827174206047
3295.869664021352
3320.1047451028676
2088.5120238479635
1977.40851875398
2826.5834037193995
1984.8720956265627
1615.9867849002364
2028.033611360141
3301.8833171986253
3325.3933774569773
2161.107240776306
2016.6113681096022
2830.4655552642316
2005.2166918166345
1620.8700086445954
2041.592653534446
3311.2255819968614
3329.4987292953233
2192.2446446988442
2039.1865349491065
2834.340053486638
2015.262531270846
1625.1291522142874
2077.2513466736023
3317.0043303757234
3333.5953500752585
2211.3027133906867
2091.70527350095
2838.658112725444
2023.280306708354
1628.4358029419304
2087.152530317101
3321.1274487343335
3337.2889756423683
2229.081598358416
2095.3026238091534
2843.3360980649445
2041.232145337287
1783.144771145952
2103.7703913688397
3325.5392545161126
3341.4143377725195
2232.801503865152
2110.3353927004027
2848.008027795183
2057.9301549058646
1800.6021599894088
2109.6327381284723
3333.7922105013117
3350.262987477051
2261.734550693962
2181.5027224739574
2850.796656852146
2069.059926320816
1873.1565497771808
2134.618797482805
3347.7689656014954
3355.631751976922
2266.6703021446456
2276.7209325000986
2192.4357825494585
2853.590563183595
2095.234318156403
1883.4945252003051
2148.638883282077
3362.349047245254
3407.302721726305
2273.6104136981835
2291.7769085718796
2288.179433821199
2856.5909393953893
2108.477946486239
2107.4364142029794
2157.4677829270568
3428.8263246049382
3439.8606007977296
2293.6184733492664
2355.2275196187966
2303.1089780342377
2859.5935772365424
2298.1582643305396
2171.7561907393474
2167.398786740654
3498.0278175879057
3484.6314131919603
2307.940734235771
2430.289527824837
2337.3537384608253
2864.9721065921112
2313.332512056708
2182.687825039183
2175.366146498769
3603.4408558731307
3502.6924798588275
2316.314018314641
2487.4178017985937
2340.755444776981
2867.8580584500637
2350.611593948641
2203.472116849506
2183.945453404043
3785.7980971988413
3514.5817907037444
2327.1737908029695
2547.552546013044
2357.720273343886
2870.7430187819723
2372.190287066072
2207.7501338239877
2209.971465524935
3803.819665450797
3527.0552494593917
2349.608519111879
2558.9854413396847
2382.180305455631
2873.7033470951887
2430.276347315069
2254.5937517644393
2217.3127026716356
3810.6058166156454
3541.3634922868255
2369.040637661067
2573.8353477283267
2432.097118044491
2876.6621355303873
2442.3515346645054
2277.996714546506
2225.0122175872925
3819.2839385209277
3554.9610232281857
2391.811205315968
2593.4378955956327
2509.6128652512507
2879.958558442222
2492.3893886763763
2305.0892566474763
2259.8035870168633
2459.2652704920865
3570.8378458798206
2399.824442598376
2614.492969822922
2514.7400652942383
2883.242088040057
2536.2329307755786
2322.3228985915307
2300.1741106756704
2320.2316382065637
3584.061907454033
2416.4230889224964
2616.874654138499
2531.9116934377103
2888.480852575993
2574.995024723563
2336.9121813437105
2312.5444646137307
2349.851775056474
3598.612586151808
2329.8132638917036
2638.6814291736546
2318.2029870462425
2891.27402147765
2583.5737681708624
2347.979780432214
2328.2962460556605
2353.319962129421
3612.1838761888275
2333.3834769870164
2662.1288885133517
2350.8429939402104
2894.059738481919
2587.1203250730523
2383.9010731619705
2344.099670976664
2387.4697740168554
3625.4749870906903
2336.8645740066513
2690.2232415423737
2917.43227230545
2896.942744612603
2589.475201166269
2358.44209888695
2358.670915108152
2393.281856920604
3639.2117629579316
2371.611543868768
2425.2304129660606
2973.752372201121
2973.2360154911844
2591.1130955730328
2364.8685483111476
2368.088700382077
2398.426736061125
3652.48536475568
2395.1799562904375
2441.710557449773
2984.477728931056
2983.9718588438395
2592.845362696689
2367.873987670796
2377.1146019167036
2422.6384567305504
3678.632318885159
2426.005345940346
2460.49287612138
2991.6778614044842
2990.5073773126455
2594.5251326972725
2375.255164515177
2388.5802083821454
2442.846090252935
3701.78491217077
2454.1578880909246
2474.1901507346483
2994.3972306922647
2996.6004352975956
2596.0546257067826
2403.701457877471
2402.019609476536
2449.094025536359
3719.9440258878976
2493.452024565729
2485.9033263181086
2999.9435875643703
3006.9165553652283
2597.700497856465
2408.3506740206667
2408.4828607080867
2458.632528417688
3736.3285772057625
2530.5404458646485
2494.390859074905
3003.6000086466865
3012.871765440555
2602.4718690622203
2418.08096360395
2420.1154982771154
2470.352260621085
3758.8608768907143
2625.469864434727
2514.336996169446
3009.977701793186
3018.783769242645
2611.638374002813
2446.6700920236385
2442.61147051203
2424.4226090098396
3776.99379014681
2686.99108080749
2520.7281644769632
3016.457947832489
3025.0906729463054
2630.903235284584
2464.669648426941
2452.623341468692
2442.692597247083
3812.794078923357
2694.0156563556366
2554.7776014119395
3026.5492964843997
3032.251181656613
2655.963340618334
2470.7136710551777
2462.4175597085696
2472.679796980772
3820.8950802237737
2742.106579358038
2571.946264900663
3033.995010028022
3047.6223768143172
2662.290300119384
3032.7303338739603
2483.169166585499
2572.771035596842
3848.898837457227
2761.1600200835555
2600.056321301515
3042.1324635285378
3079.632687193293
2684.759407688756
3039.34294572214
2488.2699533654536
2587.7874433426678
3912.7805222782345
2773.6693501813425
2873.1672442970707
3086.0724681938373
3110.9133702127824
3086.485775548059
3047.4787056436867
2498.073469518889
2617.736267138526
3930.485100608164
2791.2294390862985
2897.2997715619126
3115.516780685549
3137.7782424520346
3154.9710073927527
3117.331797434251
2505.706480314353
2901.882476759212
3946.6717549766904
2806.4878207519746
2937.95855835172
3126.0967605137885
3158.6352262915866
3203.3800943044635
3144.251265558473
2521.328814253581
2931.4036816387825
3961.8446479534773
2823.329010302819
2949.850861606829
3134.6302082332777
3173.1744437961966
3212.0587016902023
3150.233512479199
2533.6665213780284
2948.384054915659
3977.9484996073625
2852.3909760415845
2964.643451972388
3205.2283898260466
3182.5811965301673
3225.2967275629626
3164.9008766504276
2550.5316266637333
2980.7528182419774
3988.873888653286
2880.1413850308204
2561.8360561881864
3216.5276034654466
3198.4472846434996
3231.7530130129094
3173.3198799397273
2570.885992072927
2999.2603182264834
4005.7682688760196
2893.1412844812457
2890.603167464792
3225.756503806062
3210.1219404855815
3241.5204092894683
3182.883682204591
2586.54826722365
3016.9102284065275
4016.296876975916
2934.290523114899
2958.6075169925416
3246.173110519882
3315.028048704672
3248.864901773717
3187.2256942997074
2598.106615938122
3028.6294356161925
3189.7903303608596
2950.7814672701616
2997.9789381817627
3250.2090394036395
3320.712969502645
3258.7632320776665
3191.608825204347
3197.8951804618537
3043.418093738897
3195.237728935987
3002.2951196455106
3027.913856726149
3254.1708687716364
3325.1954982175534
3265.54379818882
3194.170641971429
3201.9443250645304
3057.6748863548896
3236.3979607870538
3055.0576524810012
3044.6792964984793
3262.9748379741604
3330.8964363967766
3273.5231599444714
3198.970595464025
3207.9975713583276
3082.533838590903
3033.3434893527965
3075.3541083875743
3063.410069693162
3268.5086089762067
3334.3018966047093
3338.935063021883
3336.587536139068
3335.189310393839
3103.654888192222
3068.591455184659
3091.272771906662
3098.2131314944745
3204.125255448648
3337.840812136848
3342.01888912034
3341.4467629809474
3340.005320295308
3115.123452917486
3085.5262193722097
3102.699469754451
3113.0901595534683
3209.2685249882356
3345.670053050974
3344.112563058838
3348.4643658668224
3346.2235693542734
3124.6018725665463
3101.503047421066
3110.3479825661507
3119.818976714246
3213.236088155629
3354.3870523913574
3346.686827128066
3376.387433238727
3354.773630077083
3143.831745151419
3111.6748626428293
3118.5240843685274
3124.209340936661
3222.522862219651
3359.3072101034923
3354.0202496118236
3413.896540023166
3359.6431349975733
3169.7454618837924
3115.3507739200336
3134.1639759288882
3127.4844428916217
3117.449823580616
3367.946406728822
3358.5256791536526
3442.8043072686146
3362.363339790764
3191.936203071701
3119.552030183579
3150.2947395378787
3131.429533108946
3128.8759947033927
3384.738567235055
3362.3829789618526
3482.1556646180647
3364.7087370123218
3219.198186755368
3123.968522439923
3159.232864187187
3134.487722295899
3152.5605232258476
3405.2287076499492
3367.7793319499906
3521.033568911771
3366.2821740430236
3237.5030520217656
3138.2508347807798
3165.967438609273
3137.766563533992
3158.873843725466
3421.237295360089
3371.1474270964322
3538.535998480862
3367.7081077953426
3261.3103458092883
3156.608487605178
3173.2325763287477
3153.3323323264176
3163.4996697496867
3435.969221458159
3373.888267157113
3553.951103477019
3370.1937826879225
3294.65442956059
3201.790042062098
3180.7534706891197
3159.159163049889
3179.936895799178
3455.96989060573
3377.2332459990093
3568.9391826428337
3372.945019492386
3307.673365606703
3563.075627633551
3189.9208106695014
3162.878946849183
3234.168792391124
3486.3398154613255
3381.6514475707945
3579.380704181395
3375.5665088944643
3324.624658952471
3567.9712625231423
3198.9866254632648
3168.4665015576275
3264.89537707241
3492.528826808183
3388.4152267237255
3603.9678082600467
3378.8697149684585
3341.6342573110996
3572.155248835274
3206.876197471555
3206.876197471555
yeet
